Epoch,Time(s),Loss,f1
00000, 32.3688, 0.6646, 0.0000 
00001, 30.8934, 0.7161, 0.0000 
00002, 30.0499, 0.4767, 0.0067 
00003, 29.6715, 0.1787, 0.1372 
00004, 29.3338, 1.7155, 0.0004 
00005, 29.1633, 0.2276, 0.0000 
00006, 29.0614, 0.3667, 0.0000 
00007, 28.9540, 0.4213, 0.0000 
00008, 28.8704, 0.4221, 0.0000 
00009, 28.8388, 0.3901, 0.0000 
00010, 28.7927, 0.3390, 0.0000 
00011, 28.7441, 0.2834, 0.0000 
00012, 28.7157, 0.2344, 0.0000 
00013, 28.6949, 0.2040, 0.0000 
00014, 28.6310, 0.1884, 0.0214 
00015, 28.6095, 0.2013, 0.1177 
00016, 28.6123, 0.2055, 0.0018 
00017, 28.7606, 0.1553, 0.0000 
00018, 29.0886, 0.1502, 0.0000 
00019, 29.3967, 0.1648, 0.0000 
00020, 29.6781, 0.1752, 0.0000 
00021, 29.6819, 0.1777, 0.0000 
00022, 29.6842, 0.1725, 0.0000 
00023, 29.8648, 0.1629, 0.0000 
00024, 30.0479, 0.1511, 0.0000 
00025, 30.1793, 0.1434, 0.0000 
00026, 30.2767, 0.1435, 0.0000 
00027, 30.3518, 0.1512, 0.0000 
00028, 30.4328, 0.1558, 0.0000 
00029, 30.5188, 0.1510, 0.0000 
00030, 30.5581, 0.1459, 0.0000 
00031, 30.5890, 0.1453, 0.0000 
00032, 30.5398, 0.1452, 0.0000 
00033, 30.5546, 0.1441, 0.0000 
00034, 30.5428, 0.1434, 0.0000 
00035, 30.5206, 0.1425, 0.0000 
00036, 30.4602, 0.1418, 0.0000 
00037, 30.4360, 0.1412, 0.0000 
00038, 30.3898, 0.1408, 0.0000 
00039, 30.3321, 0.1406, 0.0000 
00040, 30.3043, 0.1407, 0.0000 
00041, 30.2822, 0.1408, 0.0000 
00042, 30.2295, 0.1404, 0.0002 
00043, 30.1764, 0.1397, 0.0005 
00044, 30.1271, 0.1391, 0.0014 
00045, 30.0820, 0.1388, 0.0026 
00046, 30.0384, 0.1386, 0.0059 
00047, 29.9983, 0.1384, 0.0108 
00048, 29.9586, 0.1379, 0.0199 
00049, 29.9207, 0.1373, 0.0344 
00050, 29.8780, 0.1365, 0.0556 
00051, 29.8374, 0.1357, 0.0810 
00052, 29.8056, 0.1351, 0.1033 
00053, 29.7702, 0.1345, 0.1154 
00054, 29.7397, 0.1338, 0.1204 
00055, 29.7089, 0.1332, 0.1241 
00056, 29.6795, 0.1330, 0.1408 
00057, 29.6488, 0.1327, 0.1635 
00058, 29.6214, 0.1323, 0.1776 
00059, 29.5977, 0.1320, 0.1739 
00060, 29.5733, 0.1314, 0.1682 
00061, 29.5507, 0.1309, 0.1716 
00062, 29.5276, 0.1303, 0.1865 
00063, 29.5058, 0.1296, 0.1947 
00064, 29.4809, 0.1291, 0.1906 
00065, 29.4595, 0.1284, 0.1882 
00066, 29.4365, 0.1279, 0.2011 
00067, 29.4181, 0.1271, 0.2151 
00068, 29.4015, 0.1265, 0.2057 
00069, 29.3851, 0.1257, 0.2143 
00070, 29.3663, 0.1250, 0.2401 
00071, 29.3479, 0.1244, 0.2254 
00072, 29.3315, 0.1237, 0.2469 
00073, 29.3148, 0.1229, 0.2538 
00074, 29.3005, 0.1223, 0.2422 
00075, 29.2869, 0.1218, 0.2910 
00076, 29.2742, 0.1218, 0.2182 
00077, 29.2604, 0.1225, 0.2923 
00078, 29.2482, 0.1202, 0.3051 
00079, 29.2330, 0.1200, 0.2361 
00080, 29.2144, 0.1211, 0.2946 
00081, 29.2015, 0.1184, 0.3345 
00082, 29.1898, 0.1198, 0.2402 
00083, 29.1780, 0.1202, 0.2682 
00084, 29.1636, 0.1178, 0.3520 
00085, 29.1543, 0.1199, 0.2838 
00086, 29.1452, 0.1162, 0.2539 
00087, 29.1363, 0.1176, 0.3046 
00088, 29.1260, 0.1150, 0.3458 
00089, 29.1150, 0.1167, 0.2873 
00090, 29.1040, 0.1143, 0.2661 
00091, 29.0973, 0.1151, 0.3171 
00092, 29.0926, 0.1129, 0.3519 
00093, 29.0844, 0.1141, 0.2928 
00094, 29.0744, 0.1124, 0.2825 
00095, 29.0654, 0.1127, 0.3401 
00096, 29.0558, 0.1113, 0.3527 
00097, 29.0456, 0.1114, 0.2950 
00098, 29.0377, 0.1111, 0.3052 
00099, 29.0276, 0.1103, 0.3629 
00100, 29.0182, 0.1106, 0.3309 
00101, 29.0088, 0.1091, 0.3051 
00102, 29.0011, 0.1096, 0.3494 
00103, 28.9933, 0.1086, 0.3556 
00104, 28.9804, 0.1085, 0.3116 
00105, 28.9689, 0.1086, 0.3429 
00106, 28.9585, 0.1076, 0.3716 
00107, 28.9490, 0.1080, 0.3090 
00108, 28.9428, 0.1082, 0.3531 
00109, 28.9345, 0.1067, 0.3826 
00110, 28.9263, 0.1075, 0.3018 
00111, 28.9227, 0.1084, 0.3600 
00112, 28.9172, 0.1058, 0.3999 
00113, 28.9116, 0.1080, 0.2794 
00114, 28.9068, 0.1104, 0.3447 
00115, 28.9014, 0.1055, 0.4236 
00116, 28.8953, 0.1140, 0.2516 
00117, 28.8895, 0.1156, 0.2535 
00118, 28.8827, 0.1159, 0.3881 
00119, 28.8780, 0.1061, 0.4238 
00120, 28.8727, 0.1173, 0.2957 
00121, 28.8697, 0.1097, 0.2399 
00122, 28.8677, 0.1182, 0.2926 
00123, 28.8639, 0.1096, 0.3981 
00124, 28.8611, 0.1095, 0.4026 
00125, 28.8574, 0.1108, 0.3347 
00126, 28.8550, 0.1060, 0.2881 
00127, 28.8517, 0.1101, 0.3024 
00128, 28.8486, 0.1084, 0.3578 
00129, 28.8475, 0.1052, 0.3991 
00130, 28.8460, 0.1089, 0.3736 
00131, 28.8432, 0.1051, 0.3244 
00132, 28.8388, 0.1063, 0.3263 
00133, 28.8362, 0.1063, 0.3700 
00134, 28.8340, 0.1043, 0.4020 
00135, 28.8300, 0.1060, 0.3837 
00136, 28.8272, 0.1042, 0.3464 
00137, 28.8267, 0.1045, 0.3410 
00138, 28.8225, 0.1047, 0.3754 
00139, 28.8208, 0.1035, 0.4007 
00140, 28.8306, 0.1044, 0.3833 
00141, 28.8349, 0.1032, 0.3522 
00142, 28.8293, 0.1037, 0.3664 
00143, 28.8229, 0.1031, 0.3950 
00144, 28.8305, 0.1031, 0.3927 
00145, 28.8318, 0.1028, 0.3653 
00146, 28.8315, 0.1027, 0.3651 
00147, 28.8257, 0.1026, 0.3951 
00148, 28.8196, 0.1023, 0.3955 
00149, 28.8145, 0.1021, 0.3733 
00150, 28.8110, 0.1020, 0.3882 
00151, 28.8096, 0.1017, 0.3966 
00152, 28.8056, 0.1016, 0.3706 
00153, 28.8008, 0.1017, 0.4008 
00154, 28.7951, 0.1013, 0.3935 
00155, 28.8211, 0.1010, 0.3840 
00156, 28.8178, 0.1010, 0.4109 
00157, 28.8128, 0.1011, 0.3733 
00158, 28.8269, 0.1013, 0.4104 
00159, 28.8539, 0.1007, 0.3997 
00160, 28.8542, 0.1003, 0.3855 
00161, 28.8584, 0.1004, 0.4157 
00162, 28.8547, 0.1004, 0.3824 
00163, 28.8512, 0.1004, 0.4139 
00164, 28.8483, 0.1000, 0.3996 
00165, 28.8438, 0.0997, 0.3958 
00166, 28.8412, 0.0996, 0.4168 
00167, 28.8364, 0.0997, 0.3807 
00168, 28.8332, 0.1000, 0.4242 
00169, 28.8284, 0.0999, 0.3787 
00170, 28.8263, 0.1000, 0.4199 
00171, 28.8218, 0.0994, 0.4072 
00172, 28.8186, 0.0990, 0.3997 
00173, 28.8158, 0.0989, 0.4231 
00174, 28.8114, 0.0992, 0.3743 
00175, 28.8079, 0.1000, 0.4370 
00176, 28.8048, 0.1002, 0.3535 
00177, 28.8008, 0.1017, 0.4274 
00178, 28.7970, 0.0995, 0.4105 
00179, 28.7916, 0.0988, 0.3960 
00180, 28.7881, 0.0990, 0.4280 
00181, 28.7847, 0.0992, 0.3808 
00182, 28.7816, 0.0992, 0.4216 
00183, 28.7784, 0.0984, 0.4185 
00184, 28.7751, 0.0980, 0.3872 
00185, 28.7725, 0.0986, 0.4328 
00186, 28.7695, 0.0986, 0.3853 
00187, 28.7665, 0.0990, 0.4305 
00188, 28.7642, 0.0980, 0.4053 
00189, 28.7588, 0.0977, 0.4123 
00190, 28.7554, 0.0974, 0.4304 
00191, 28.7509, 0.0977, 0.3890 
00192, 28.7470, 0.0982, 0.4432 
00193, 28.7431, 0.0990, 0.3508 
00194, 28.7392, 0.1025, 0.4414 
00195, 28.7360, 0.0996, 0.4093 
00196, 28.7332, 0.0986, 0.3838 
00197, 28.7277, 0.0989, 0.4443 
00198, 28.7235, 0.0990, 0.3893 
00199, 28.7197, 0.0986, 0.4185 
00200, 28.7161, 0.0969, 0.4426 
00201, 28.7128, 0.0986, 0.3519 
00202, 28.7092, 0.1021, 0.4232 
00203, 28.7057, 0.0987, 0.4460 
00204, 28.7040, 0.0992, 0.3365 
00205, 28.7013, 0.1036, 0.4220 
00206, 28.6980, 0.0969, 0.4587 
00207, 28.6948, 0.1027, 0.3128 
00208, 28.6921, 0.1093, 0.3571 
00209, 28.6896, 0.1019, 0.4550 
00210, 28.6864, 0.1166, 0.2944 
00211, 28.6835, 0.1169, 0.2711 
00212, 28.6806, 0.1261, 0.3660 
00213, 28.6780, 0.1126, 0.4179 
00214, 28.6754, 0.1155, 0.3812 
00215, 28.6731, 0.1016, 0.3315 
00216, 28.6704, 0.1115, 0.3241 
00217, 28.6665, 0.1122, 0.3464 
00218, 28.6654, 0.1042, 0.3858 
00219, 28.6636, 0.1022, 0.3968 
00220, 28.6621, 0.1070, 0.3717 
00221, 28.6598, 0.1041, 0.3469 
00222, 28.6577, 0.1022, 0.3469 
00223, 28.6557, 0.1017, 0.3601 
00224, 28.6533, 0.1021, 0.3660 
00225, 28.6501, 0.1019, 0.3657 
00226, 28.6480, 0.1009, 0.3738 
00227, 28.6451, 0.1003, 0.3888 
00228, 28.6433, 0.1005, 0.3882 
00229, 28.6422, 0.1001, 0.3876 
00230, 28.6399, 0.0997, 0.3973 
00231, 28.6380, 0.0995, 0.3953 
00232, 28.6372, 0.0994, 0.3892 
00233, 28.6357, 0.0992, 0.4055 
00234, 28.6350, 0.0990, 0.4024 
00235, 28.6338, 0.0988, 0.4019 
00236, 28.6325, 0.0987, 0.4095 
00237, 28.6311, 0.0985, 0.3989 
00238, 28.6301, 0.0983, 0.4125 
00239, 28.6286, 0.0981, 0.3941 
00240, 28.6264, 0.0983, 0.4390 
00241, 28.6254, 0.0999, 0.3441 
00242, 28.6236, 0.1025, 0.4016 
00243, 28.6221, 0.0977, 0.4481 
00244, 28.6205, 0.1016, 0.3890 
00245, 28.6188, 0.0986, 0.3729 
00246, 28.6169, 0.0998, 0.4210 
00247, 28.6162, 0.0973, 0.4423 
00248, 28.6150, 0.0994, 0.3971 
00249, 28.6154, 0.0976, 0.3862 
00250, 28.6149, 0.0981, 0.4280 
00251, 28.6145, 0.0972, 0.4286 
00252, 28.6132, 0.0971, 0.3933 
00253, 28.6108, 0.0973, 0.4048 
00254, 28.6086, 0.0967, 0.4360 
00255, 28.6061, 0.0970, 0.4179 
00256, 28.6030, 0.0962, 0.3991 
00257, 28.6013, 0.0965, 0.4214 
00258, 28.5994, 0.0959, 0.4348 
00259, 28.5979, 0.0961, 0.3901 
00260, 28.5964, 0.0971, 0.4452 
00261, 28.5949, 0.0968, 0.3997 
00262, 28.5925, 0.0963, 0.4273 
00263, 28.5907, 0.0953, 0.4385 
00264, 28.5883, 0.0957, 0.3915 
00265, 28.5865, 0.0966, 0.4399 
00266, 28.5852, 0.0952, 0.4387 
00267, 28.5839, 0.0951, 0.3954 
00268, 28.5820, 0.0959, 0.4384 
00269, 28.5805, 0.0948, 0.4367 
00270, 28.5787, 0.0946, 0.4072 
00271, 28.5768, 0.0951, 0.4447 
00272, 28.5752, 0.0947, 0.4265 
00273, 28.5737, 0.0943, 0.4261 
00274, 28.5715, 0.0941, 0.4437 
00275, 28.5715, 0.0943, 0.4170 
00276, 28.5718, 0.0942, 0.4384 
00277, 28.5725, 0.0938, 0.4394 
00278, 28.5905, 0.0937, 0.4227 
00279, 28.6118, 0.0938, 0.4466 
00280, 28.6328, 0.0936, 0.4276 
00281, 28.6621, 0.0934, 0.4417 
00282, 28.6889, 0.0932, 0.4427 
00283, 28.7027, 0.0931, 0.4306 
00284, 28.7181, 0.0931, 0.4580 
00285, 28.7348, 0.0935, 0.3877 
00286, 28.7515, 0.0959, 0.4744 
00287, 28.7669, 0.0954, 0.3958 
00288, 28.7814, 0.0954, 0.4428 
00289, 28.7898, 0.0929, 0.4676 
00290, 28.8008, 0.0944, 0.3830 
00291, 28.8037, 0.0981, 0.4536 
00292, 28.8068, 0.0928, 0.4758 
00293, 28.8076, 0.0981, 0.3183 
00294, 28.8085, 0.1080, 0.3890 
00295, 28.8094, 0.1007, 0.4627 
00296, 28.8083, 0.1091, 0.3696 
00297, 28.8077, 0.1012, 0.3361 
00298, 28.8083, 0.1105, 0.3886 
00299, 28.8091, 0.1021, 0.4474 
00300, 28.8064, 0.0952, 0.4449 
00301, 28.8045, 0.1037, 0.4084 
00302, 28.8028, 0.0992, 0.3861 
00303, 28.8009, 0.0969, 0.4152 
00304, 28.7984, 0.0984, 0.4011 
00305, 28.7956, 0.0974, 0.3949 
00306, 28.7934, 0.0960, 0.4268 
00307, 28.7919, 0.0957, 0.4417 
00308, 28.7901, 0.0968, 0.4280 
00309, 28.7884, 0.0949, 0.4062 
00310, 28.7864, 0.0956, 0.4192 
00311, 28.7843, 0.0949, 0.4337 
00312, 28.7833, 0.0945, 0.4388 
00313, 28.7822, 0.0941, 0.4429 
00314, 28.7808, 0.0942, 0.4494 
00315, 28.7794, 0.0940, 0.4407 
00316, 28.7778, 0.0933, 0.4468 
00317, 28.7764, 0.0934, 0.4397 
00318, 28.7750, 0.0931, 0.4517 
00319, 28.7728, 0.0925, 0.4591 
00320, 28.7699, 0.0926, 0.4494 
00321, 28.7681, 0.0922, 0.4501 
00322, 28.7664, 0.0918, 0.4736 
00323, 28.7645, 0.0920, 0.4201 
00324, 28.7629, 0.0934, 0.4945 
00325, 28.7606, 0.0937, 0.4223 
00326, 28.7589, 0.0939, 0.4358 
00327, 28.7572, 0.0919, 0.4939 
00328, 28.7553, 0.0957, 0.4275 
00329, 28.7534, 0.0951, 0.4304 
00330, 28.7520, 0.0969, 0.4828 
00331, 28.7507, 0.0920, 0.4824 
00332, 28.7488, 0.0961, 0.3960 
00333, 28.7473, 0.0960, 0.4152 
00334, 28.7454, 0.0963, 0.4649 
00335, 28.7425, 0.0920, 0.5060 
00336, 28.7403, 0.0968, 0.4191 
00337, 28.7386, 0.0939, 0.4095 
00338, 28.7361, 0.0965, 0.4643 
00339, 28.7334, 0.0903, 0.4861 
00340, 28.7314, 0.0990, 0.4126 
00341, 28.7295, 0.0955, 0.4087 
00342, 28.7266, 0.0983, 0.4617 
00343, 28.7246, 0.0920, 0.5037 
00344, 28.7226, 0.0984, 0.3612 
00345, 28.7198, 0.1003, 0.4104 
00346, 28.7173, 0.0965, 0.4986 
00347, 28.7159, 0.0918, 0.4719 
00348, 28.7140, 0.0923, 0.4240 
00349, 28.7127, 0.0946, 0.4666 
00350, 28.7115, 0.0903, 0.4963 
00351, 28.7102, 0.0945, 0.4264 
00352, 28.7092, 0.0938, 0.4327 
00353, 28.7080, 0.0920, 0.4892 
00354, 28.7063, 0.0916, 0.4866 
00355, 28.7051, 0.0903, 0.4353 
00356, 28.7034, 0.0917, 0.4673 
00357, 28.7019, 0.0895, 0.4789 
00358, 28.7000, 0.0913, 0.4033 
00359, 28.6983, 0.0974, 0.4780 
00360, 28.6958, 0.0894, 0.5208 
00361, 28.6940, 0.0954, 0.3801 
00362, 28.6921, 0.0982, 0.4481 
00363, 28.6905, 0.0933, 0.4704 
00364, 28.6889, 0.1001, 0.4638 
00365, 28.6877, 0.0915, 0.4300 
00366, 28.6861, 0.0944, 0.4355 
00367, 28.6846, 0.0914, 0.5055 
00368, 28.6830, 0.0969, 0.3918 
00369, 28.6817, 0.0963, 0.4350 
00370, 28.6799, 0.0944, 0.4921 
00371, 28.6781, 0.0908, 0.4546 
00372, 28.6760, 0.0940, 0.3713 
00373, 28.6742, 0.1013, 0.5070 
00374, 28.6730, 0.0945, 0.4644 
00375, 28.6721, 0.0965, 0.4261 
00376, 28.6703, 0.0947, 0.4766 
00377, 28.6694, 0.0987, 0.4647 
00378, 28.6685, 0.0959, 0.4283 
00379, 28.6678, 0.0952, 0.4505 
00380, 28.6667, 0.0919, 0.4985 
00381, 28.6664, 0.0942, 0.4256 
00382, 28.6666, 0.0936, 0.4519 
00383, 28.6662, 0.0944, 0.4909 
00384, 28.6654, 0.0912, 0.4654 
00385, 28.6644, 0.0953, 0.4449 
00386, 28.6630, 0.0904, 0.4607 
00387, 28.6620, 0.0941, 0.4287 
00388, 28.6616, 0.0919, 0.4833 
00389, 28.6611, 0.0926, 0.4919 
00390, 28.6603, 0.0908, 0.4277 
00391, 28.6596, 0.0924, 0.4571 
00392, 28.6579, 0.0910, 0.4961 
00393, 28.6569, 0.0914, 0.4631 
00394, 28.6574, 0.0915, 0.4514 
00395, 28.6578, 0.0898, 0.4749 
00396, 28.6578, 0.0913, 0.4578 
00397, 28.6574, 0.0896, 0.4675 
00398, 28.6560, 0.0904, 0.4833 
00399, 28.6554, 0.0891, 0.4694 
00400, 28.6534, 0.0895, 0.4609 
00401, 28.6530, 0.0892, 0.4885 
00402, 28.6519, 0.0892, 0.4850 
00403, 28.6505, 0.0885, 0.4588 
00404, 28.6498, 0.0888, 0.4848 
00405, 28.6495, 0.0882, 0.4950 
00406, 28.6477, 0.0884, 0.4765 
00407, 28.6467, 0.0878, 0.4886 
00408, 28.6460, 0.0882, 0.4632 
00409, 28.6447, 0.0886, 0.5128 
00410, 28.6438, 0.0884, 0.4614 
00411, 28.6422, 0.0880, 0.4937 
00412, 28.6413, 0.0870, 0.5063 
00413, 28.6406, 0.0871, 0.4697 
00414, 28.6402, 0.0873, 0.5012 
00415, 28.6393, 0.0870, 0.4901 
00416, 28.6385, 0.0867, 0.5027 
00417, 28.6383, 0.0861, 0.4977 
00418, 28.6381, 0.0859, 0.5009 
00419, 28.6375, 0.0859, 0.5106 
00420, 28.6376, 0.0861, 0.4598 
00421, 28.6372, 0.0881, 0.5214 
00422, 28.6372, 0.0869, 0.4928 
00423, 28.6372, 0.0861, 0.4902 
00424, 28.6379, 0.0854, 0.5277 
00425, 28.6377, 0.0861, 0.4775 
00426, 28.6371, 0.0862, 0.5007 
00427, 28.6371, 0.0850, 0.5439 
00428, 28.6375, 0.0864, 0.4515 
00429, 28.6369, 0.0878, 0.5245 
00430, 28.6363, 0.0844, 0.5434 
00431, 28.6362, 0.0863, 0.4252 
00432, 28.6368, 0.0907, 0.5207 
00433, 28.6368, 0.0847, 0.5292 
00434, 28.6365, 0.0926, 0.3809 
00435, 28.6350, 0.1111, 0.4028 
00436, 28.6344, 0.1011, 0.5299 
00437, 28.6343, 0.1064, 0.4423 
00438, 28.6333, 0.0926, 0.3739 
00439, 28.6329, 0.1004, 0.5042 
00440, 28.6320, 0.0916, 0.5001 
00441, 28.6311, 0.0913, 0.4972 
00442, 28.6302, 0.0917, 0.4762 
00443, 28.6291, 0.0918, 0.4480 
00444, 28.6282, 0.0900, 0.4866 
00445, 28.6275, 0.0924, 0.4582 
00446, 28.6263, 0.0897, 0.4531 
00447, 28.6255, 0.0910, 0.5005 
00448, 28.6244, 0.0885, 0.5021 
00449, 28.6232, 0.0897, 0.4467 
00450, 28.6221, 0.0882, 0.4657 
00451, 28.6214, 0.0885, 0.4925 
00452, 28.6203, 0.0876, 0.5012 
00453, 28.6191, 0.0879, 0.4774 
00454, 28.6172, 0.0889, 0.4808 
00455, 28.6160, 0.0873, 0.4920 
00456, 28.6149, 0.0870, 0.5004 
00457, 28.6137, 0.0862, 0.4847 
00458, 28.6132, 0.0868, 0.4991 
00459, 28.6130, 0.0865, 0.5263 
00460, 28.6128, 0.0899, 0.3907 
00461, 28.6127, 0.1010, 0.4504 
00462, 28.6116, 0.0904, 0.5126 
00463, 28.6110, 0.0976, 0.4812 
00464, 28.6107, 0.0900, 0.4456 
00465, 28.6106, 0.0961, 0.4782 
00466, 28.6103, 0.0897, 0.5285 
00467, 28.6104, 0.0906, 0.4901 
00468, 28.6107, 0.0872, 0.4574 
00469, 28.6106, 0.0897, 0.4718 
00470, 28.6110, 0.0865, 0.5232 
00471, 28.6116, 0.0926, 0.4396 
00472, 28.6114, 0.0919, 0.4296 
00473, 28.6123, 0.0906, 0.5327 
00474, 28.6124, 0.0926, 0.4299 
00475, 28.6117, 0.0928, 0.4846 
00476, 28.6108, 0.0898, 0.5254 
00477, 28.6107, 0.0907, 0.4785 
00478, 28.6104, 0.0863, 0.4644 
00479, 28.6099, 0.0893, 0.4951 
00480, 28.6095, 0.0891, 0.3993 
00481, 28.6087, 0.0983, 0.5029 
00482, 28.6077, 0.0901, 0.5039 
00483, 28.6071, 0.0910, 0.4600 
00484, 28.6061, 0.0890, 0.4314 
00485, 28.6056, 0.0897, 0.5034 
00486, 28.6053, 0.0887, 0.4899 
00487, 28.6045, 0.0869, 0.4903 
00488, 28.6039, 0.0867, 0.4844 
00489, 28.6036, 0.0870, 0.5022 
00490, 28.6026, 0.0858, 0.5101 
00491, 28.6015, 0.0861, 0.4665 
00492, 28.6013, 0.0864, 0.5223 
00493, 28.6007, 0.0862, 0.4736 
00494, 28.6002, 0.0861, 0.5217 
00495, 28.5995, 0.0860, 0.4941 
00496, 28.5988, 0.0867, 0.5158 
00497, 28.5978, 0.0862, 0.4784 
00498, 28.5972, 0.0861, 0.5321 
00499, 28.5971, 0.0852, 0.4924 