Epoch,Time(s),Loss,F1
00000,34.5835,0.6543,0.0000
00001,32.7195,0.9017,0.0000
00002,31.5370,0.5307,0.0000
00003,30.9249,0.1896,0.1420
00004,30.5555,0.5877,0.0000
00005,30.3662,0.1652,0.0000
00006,30.1327,0.2175,0.0000
00007,29.9580,0.2338,0.0000
00008,29.8499,0.2272,0.0000
00009,29.8144,0.2061,0.0000
00010,29.7497,0.1836,0.0000
00011,30.4903,0.1685,0.0000
00012,30.5257,0.1584,0.0000
00013,30.5486,0.1513,0.0000
00014,30.5201,0.1492,0.0000
00015,30.5158,0.1471,0.0000
00016,30.5257,0.1460,0.0000
00017,30.5209,0.1493,0.0000
00018,30.4945,0.1529,0.0000
00019,30.4713,0.1520,0.0000
00020,30.4393,0.1470,0.0000
00021,30.4101,0.1416,0.0000
00022,30.3903,0.1390,0.0000
00023,30.3637,0.1400,0.0000
00024,30.3411,0.1412,0.0000
00025,30.5298,0.1406,0.0000
00026,30.5303,0.1393,0.0000
00027,30.5261,0.1386,0.0000
00028,30.5237,0.1386,0.0000
00029,30.5263,0.1387,0.0000
00030,30.5119,0.1382,0.0000
00031,30.5114,0.1372,0.0000
00032,30.5195,0.1360,0.0000
00033,30.5211,0.1350,0.0000
00034,30.5096,0.1346,0.0000
00035,30.5014,0.1346,0.0000
00036,30.5013,0.1347,0.0000
00037,30.4971,0.1343,0.0000
00038,30.5105,0.1336,0.0000
00039,30.5318,0.1332,0.0000
00040,30.5207,0.1329,0.0000
00041,30.5234,0.1326,0.0000
00042,30.5185,0.1321,0.0000
00043,30.5156,0.1316,0.0000
00044,30.5145,0.1314,0.0001
00045,30.5102,0.1312,0.0004
00046,30.5060,0.1307,0.0004
00047,30.5001,0.1302,0.0004
00048,30.4945,0.1299,0.0005
00049,30.4923,0.1297,0.0005
00050,30.4918,0.1292,0.0007
00051,30.4859,0.1289,0.0027
00052,30.6391,0.1285,0.0038
00053,30.6611,0.1284,0.0030
00054,30.6656,0.1278,0.0014
00055,30.6597,0.1273,0.0015
00056,30.6497,0.1269,0.0038
00057,30.6405,0.1263,0.0119
00058,30.6397,0.1257,0.0241
00059,30.6377,0.1249,0.0394
00060,30.6365,0.1242,0.0662
00061,30.6350,0.1234,0.1155
00062,30.6325,0.1222,0.1875
00063,30.6295,0.1226,0.1190
00064,30.6224,0.1216,0.1372
00065,30.6165,0.1201,0.2148
00066,30.7188,0.1205,0.1874
00067,30.7305,0.1171,0.1855
00068,30.7370,0.1175,0.2342
00069,30.7309,0.1157,0.2678
00070,30.7257,0.1159,0.2201
00071,30.7313,0.1143,0.2137
00072,30.7268,0.1142,0.2640
00073,30.7319,0.1133,0.2781
00074,30.7341,0.1128,0.2487
00075,30.7344,0.1123,0.2587
00076,30.7338,0.1119,0.3011
00077,30.7305,0.1117,0.2750
00078,30.7227,0.1108,0.2587
00079,30.7183,0.1109,0.2957
00080,30.8312,0.1102,0.3032
00081,30.8446,0.1097,0.2917
00082,30.8401,0.1096,0.3164
00083,30.8301,0.1089,0.3201
00084,30.8249,0.1084,0.3041
00085,30.8288,0.1084,0.3289
00086,30.8262,0.1078,0.3300
00087,30.8204,0.1074,0.3240
00088,30.8159,0.1071,0.3461
00089,30.8138,0.1068,0.3162
00090,30.8075,0.1066,0.3570
00091,30.8026,0.1063,0.3046
00092,30.7967,0.1066,0.3788
00093,30.7927,0.1069,0.2696
00094,30.9100,0.1088,0.3681
00095,30.9230,0.1057,0.3617
00096,30.9225,0.1045,0.3097
00097,30.9190,0.1059,0.3816
00098,30.9169,0.1049,0.3377
00099,30.9150,0.1041,0.3581
00100,30.9109,0.1038,0.3750
00101,30.9111,0.1033,0.3385
00102,30.9111,0.1039,0.3982
00103,30.9078,0.1037,0.3063
00104,30.9014,0.1057,0.4043
00105,30.8947,0.1042,0.3288
00106,30.8926,0.1044,0.3973
00107,30.8883,0.1040,0.3488
00108,30.9927,0.1025,0.3870
00109,31.0026,0.1042,0.3445
00110,31.0038,0.1027,0.4029
00111,31.0052,0.1058,0.3144
00112,31.0059,0.1049,0.3947
00113,31.0061,0.1047,0.3781
00114,31.0058,0.1010,0.3853
00115,31.0063,0.1025,0.3789
00116,31.0049,0.1018,0.3925
00117,31.0048,0.1007,0.3960
00118,31.0068,0.1020,0.3496
00119,31.0093,0.1017,0.4226
00120,31.0079,0.1029,0.3305
00121,31.0083,0.1032,0.3950
00122,31.0901,0.1003,0.4385
00123,31.1055,0.1036,0.2905
00124,31.1044,0.1081,0.3611
00125,31.1023,0.1015,0.4524
00126,31.1004,0.1144,0.2391
00127,31.0978,0.1156,0.2064
00128,31.0951,0.1214,0.3516
00129,31.0889,0.1045,0.4288
00130,31.0855,0.1218,0.3515
00131,31.0797,0.1054,0.2917
00132,31.0766,0.1136,0.3035
00133,31.0688,0.1126,0.3570
00134,31.0645,0.1108,0.3931
00135,31.0603,0.1101,0.3710
00136,31.1236,0.1049,0.3272
00137,31.1332,0.1054,0.3228
00138,31.1315,0.1070,0.3391
00139,31.1257,0.1062,0.3476
00140,31.1218,0.1044,0.3845
00141,31.1166,0.1031,0.4023
00142,31.1131,0.1029,0.3546
00143,31.1065,0.1041,0.3935
00144,31.1071,0.1027,0.4020
00145,31.1019,0.1019,0.3537
00146,31.0985,0.1023,0.3720
00147,31.0931,0.1021,0.3976
00148,31.0904,0.1014,0.3927
00149,31.0872,0.1007,0.3938
00150,31.1305,0.1010,0.3961
00151,31.1428,0.1006,0.4006
00152,31.1392,0.1000,0.4025
00153,31.1372,0.1001,0.3927
00154,31.1338,0.1000,0.4144
00155,31.1354,0.0996,0.3876
00156,31.1362,0.0997,0.4188
00157,31.1382,0.0997,0.3802
00158,31.1400,0.0996,0.4191
00159,31.1370,0.0992,0.4045
00160,31.1364,0.0987,0.4047
00161,31.1368,0.0985,0.4238
00162,31.1385,0.0986,0.4047
00163,31.1387,0.0983,0.4176
00164,31.1920,0.0980,0.4297
00165,31.2013,0.0981,0.4040
00166,31.1988,0.0980,0.4285
00167,31.2008,0.0976,0.4222
00168,31.1995,0.0973,0.4169
00169,31.1984,0.0972,0.4355
00170,31.2060,0.0972,0.4075
00171,31.2072,0.0973,0.4492
00172,31.2080,0.0974,0.3879
00173,31.2103,0.0981,0.4428
00174,31.2088,0.0970,0.4323
00175,31.2107,0.0963,0.4218
00176,31.2124,0.0965,0.4453
00177,31.2132,0.0961,0.4231
00178,31.2707,0.0962,0.4414
00179,31.2742,0.0956,0.4425
00180,31.2757,0.0956,0.4299
00181,31.2776,0.0954,0.4595
00182,31.2787,0.0958,0.3819
00183,31.2816,0.0978,0.4758
00184,31.2832,0.0972,0.3829
00185,31.2848,0.0982,0.4434
00186,31.2879,0.0949,0.4798
00187,31.2906,0.0981,0.3459
00188,31.2909,0.1020,0.3914
00189,31.2950,0.0984,0.4787
00190,31.2945,0.1009,0.4218
00191,31.3286,0.0960,0.3810
00192,31.3377,0.0984,0.4128
00193,31.3377,0.0971,0.4536
00194,31.3376,0.0963,0.4573
00195,31.3384,0.0967,0.4463
00196,31.3379,0.0960,0.4305
00197,31.3373,0.0955,0.4444
00198,31.3364,0.0951,0.4508
00199,31.3366,0.0946,0.4482
00200,31.3326,0.0945,0.4733
00201,31.3325,0.0950,0.4329
00202,31.3328,0.0942,0.4598
00203,31.3336,0.0947,0.4426
00204,31.3311,0.0938,0.4686
00205,31.3821,0.0943,0.4485
00206,31.3888,0.0933,0.4531
00207,31.3864,0.0941,0.4491
00208,31.3880,0.0933,0.4776
00209,31.3868,0.0940,0.4318
00210,31.3853,0.0935,0.4738
00211,31.3841,0.0940,0.4470
00212,31.3851,0.0935,0.4724
00213,31.3840,0.0941,0.4617
00214,31.3838,0.0923,0.4758
00215,31.3853,0.0945,0.4034
00216,31.3864,0.0963,0.4859
00217,31.3867,0.0971,0.4206
00218,31.3869,0.0943,0.4567
00219,31.4213,0.0958,0.4602
00220,31.4212,0.0924,0.4749
00221,31.4207,0.0934,0.4628
00222,31.4193,0.0934,0.4551
00223,31.4178,0.0923,0.4787
00224,31.4163,0.0929,0.4535
00225,31.4164,0.0918,0.4744
00226,31.4157,0.0913,0.4828
00227,31.4137,0.0916,0.4453
00228,31.4110,0.0918,0.4925
00229,31.4073,0.0923,0.4413
00230,31.4029,0.0924,0.4960
00231,31.3987,0.0915,0.4655
00232,31.3985,0.0902,0.5024
00233,31.3985,0.0924,0.3906
00234,31.3971,0.0993,0.5147
00235,31.3946,0.0994,0.3513
00236,31.3926,0.1078,0.3399
00237,31.3902,0.1087,0.4269
00238,31.3885,0.1216,0.3632
00239,31.3867,0.1186,0.2828
00240,31.3849,0.1276,0.3236
00241,31.3833,0.1237,0.3903
00242,31.3804,0.1193,0.4011
00243,31.3774,0.1170,0.3168
00244,31.3749,0.1046,0.2520
00245,31.3739,0.1089,0.2598
00246,31.3990,0.1107,0.2841
00247,31.4049,0.1081,0.3092
00248,31.4023,0.1070,0.3324
00249,31.4001,0.1036,0.3589
00250,31.3968,0.1036,0.3716
00251,31.3955,0.1053,0.3635
00252,31.3925,0.1039,0.3528
00253,31.3919,0.1030,0.3581
00254,31.3899,0.1028,0.3666
00255,31.3876,0.1018,0.3558
00256,31.3846,0.1016,0.3471
00257,31.3825,0.1016,0.3660
00258,31.3801,0.1004,0.3908
00259,31.3790,0.1001,0.3934
00260,31.4018,0.0999,0.3907
00261,31.4062,0.0991,0.4060
00262,31.4036,0.0991,0.4053
00263,31.4013,0.0985,0.4080
00264,31.4000,0.0979,0.4242
00265,31.3982,0.0979,0.3944
00266,31.3965,0.0978,0.4305
00267,31.3963,0.0974,0.3977
00268,31.3939,0.0971,0.4312
00269,31.3925,0.0963,0.4263
00270,31.3905,0.0961,0.4506
00271,31.3886,0.0959,0.4095
00272,31.3881,0.0963,0.4490
00273,31.3860,0.0957,0.4199
00274,31.4114,0.0954,0.4432
00275,31.4161,0.0948,0.4552
00276,31.4136,0.0948,0.3984
00277,31.4118,0.0965,0.4480
00278,31.4098,0.0945,0.4761
00279,31.4088,0.0961,0.3560
00280,31.4066,0.0995,0.3801
00281,31.4067,0.0967,0.4694
00282,31.4051,0.0973,0.4528
00283,31.4036,0.0948,0.4137
00284,31.4028,0.0954,0.4251
00285,31.4027,0.0952,0.4693
00286,31.4017,0.0941,0.4739
00287,31.4009,0.0938,0.4456
00288,31.4261,0.0936,0.4435
00289,31.4298,0.0933,0.4684
00290,31.4279,0.0936,0.4539
00291,31.4266,0.0926,0.4541
00292,31.4252,0.0925,0.4781
00293,31.4238,0.0921,0.4817
00294,31.4217,0.0918,0.4622
00295,31.4194,0.0918,0.4744
00296,31.4182,0.0913,0.4909
00297,31.4173,0.0913,0.4624
00298,31.4161,0.0912,0.4759
00299,31.4137,0.0906,0.4873
00300,31.4121,0.0906,0.4637
00301,31.4100,0.0907,0.4809
00302,31.4311,0.0901,0.4961
00303,31.4355,0.0901,0.4599
00304,31.4340,0.0906,0.4938
00305,31.4328,0.0894,0.4996
00306,31.4324,0.0893,0.4659
00307,31.4302,0.0900,0.5015
00308,31.4289,0.0895,0.4806
00309,31.4260,0.0893,0.4972
00310,31.4236,0.0888,0.5007
00311,31.4221,0.0892,0.4665
00312,31.4210,0.0895,0.5120
00313,31.4198,0.0892,0.4717
00314,31.4178,0.0892,0.4903
00315,31.4163,0.0890,0.4992
00316,31.4383,0.0885,0.5038
00317,31.4428,0.0892,0.4861
00318,31.4413,0.0878,0.5009
00319,31.4390,0.0908,0.4553
00320,31.4361,0.0916,0.4835
00321,31.4341,0.0947,0.4397
00322,31.4326,0.0919,0.4626
00323,31.4322,0.0897,0.4949
00324,31.4311,0.0936,0.4741
00325,31.4306,0.0894,0.4621
00326,31.4292,0.0896,0.4850
00327,31.4271,0.0888,0.5087
00328,31.4248,0.0895,0.4760
00329,31.4230,0.0882,0.4945
00330,31.4420,0.0887,0.4832
00331,31.4458,0.0916,0.5289
00332,31.4439,0.0944,0.4513
00333,31.4427,0.1155,0.4611
00334,31.4408,0.1109,0.5180
00335,31.4396,0.0905,0.4963
00336,31.4383,0.1172,0.4694
00337,31.4367,0.1104,0.3910
00338,31.4346,0.1301,0.4573
00339,31.4332,0.1302,0.3843
00340,31.4313,0.1181,0.3957
00341,31.4290,0.1054,0.4196
00342,31.4286,0.1066,0.3249
00343,31.4276,0.1127,0.3254
00344,31.4456,0.1110,0.3992
00345,31.4493,0.1035,0.4176
00346,31.4476,0.1021,0.3869
00347,31.4465,0.1027,0.3881
00348,31.4451,0.1032,0.4234
00349,31.4456,0.1024,0.4320
00350,31.4440,0.1018,0.3989
00351,31.4421,0.1003,0.4184
00352,31.4409,0.0993,0.4522
00353,31.4393,0.1000,0.4154
00354,31.4371,0.0994,0.4231
00355,31.4357,0.0989,0.4593
00356,31.4338,0.0986,0.4061
00357,31.4315,0.0993,0.4414
00358,31.4500,0.0977,0.4608
00359,31.4524,0.0977,0.4220
00360,31.4505,0.0979,0.4331
00361,31.4490,0.0976,0.4646
00362,31.4485,0.0969,0.4505
00363,31.4469,0.0967,0.4366
00364,31.4450,0.0968,0.4660
00365,31.4437,0.0963,0.4413
00366,31.4414,0.0962,0.4412
00367,31.4393,0.0961,0.4594
00368,31.4377,0.0959,0.4358
00369,31.4366,0.0960,0.4632
00370,31.4344,0.0956,0.4509
00371,31.4324,0.0954,0.4530
00372,31.4489,0.0952,0.4672
00373,31.4518,0.0950,0.4519
00374,31.4501,0.0949,0.4583
00375,31.4490,0.0946,0.4683
00376,31.4476,0.0947,0.4505
00377,31.4459,0.0945,0.4676
00378,31.4445,0.0943,0.4555
00379,31.4423,0.0942,0.4678
00380,31.4406,0.0940,0.4600
00381,31.4398,0.0939,0.4690
00382,31.4388,0.0937,0.4604
00383,31.4381,0.0936,0.4745
00384,31.4364,0.0935,0.4516
00385,31.4351,0.0937,0.4817
00386,31.4505,0.0937,0.4421
00387,31.4537,0.0941,0.4802
00388,31.4525,0.0934,0.4620
00389,31.4514,0.0931,0.4684
00390,31.4512,0.0929,0.4780
00391,31.4499,0.0928,0.4540
00392,31.4490,0.0931,0.4973
00393,31.4467,0.0943,0.3885
00394,31.4456,0.0986,0.4693
00395,31.4440,0.0930,0.5026
00396,31.4423,0.0991,0.3465
00397,31.4413,0.1039,0.3626
00398,31.4405,0.1019,0.4791
00399,31.4396,0.0973,0.4810
00400,31.4550,0.0969,0.4284
00401,31.4579,0.0967,0.4117
00402,31.4563,0.0979,0.4566
00403,31.4550,0.0939,0.4922
00404,31.4536,0.0976,0.4654
00405,31.4521,0.0935,0.4360
00406,31.4500,0.0950,0.4559
00407,31.4492,0.0941,0.4906
00408,31.4474,0.0942,0.4897
00409,31.4450,0.0933,0.4645
00410,31.4427,0.0933,0.4655
00411,31.4407,0.0935,0.4886
00412,31.4387,0.0924,0.4981
00413,31.4368,0.0927,0.4653
00414,31.4473,0.0929,0.4800
00415,31.4495,0.0918,0.5078
00416,31.4476,0.0931,0.4633
00417,31.4465,0.0925,0.4751
00418,31.4442,0.0920,0.5130
00419,31.4421,0.0948,0.4182
00420,31.4404,0.0967,0.4415
00421,31.4387,0.0945,0.5105
00422,31.4363,0.0949,0.4928
00423,31.4345,0.0923,0.4375
00424,31.4325,0.0954,0.4740
00425,31.4307,0.0928,0.5008
00426,31.4291,0.0921,0.4853
00427,31.4271,0.0918,0.4644
00428,31.4333,0.0922,0.5010
00429,31.4354,0.0908,0.5113
00430,31.4334,0.0916,0.4706
00431,31.4325,0.0918,0.4911
00432,31.4310,0.0903,0.5172
00433,31.4291,0.0917,0.4673
00434,31.4275,0.0912,0.4807
00435,31.4258,0.0907,0.5197
00436,31.4235,0.0911,0.4931
00437,31.4216,0.0899,0.4871
00438,31.4198,0.0900,0.5188
00439,31.4183,0.0902,0.4517
00440,31.4164,0.0932,0.5116
00441,31.4144,0.0902,0.5215
00442,31.4214,0.0892,0.4696
00443,31.4236,0.0904,0.4973
00444,31.4218,0.0887,0.5260
00445,31.4212,0.0896,0.4818
00446,31.4193,0.0892,0.4970
00447,31.4172,0.0880,0.5290
00448,31.4156,0.0893,0.4618
00449,31.4139,0.0912,0.5063
00450,31.4128,0.0890,0.5309
00451,31.4116,0.0888,0.4606
00452,31.4108,0.0902,0.4910
00453,31.4088,0.0882,0.5269
00454,31.4071,0.0881,0.4892
00455,31.4055,0.0886,0.5062
00456,31.4166,0.0867,0.5309
00457,31.4195,0.0901,0.4403
00458,31.4183,0.0933,0.4854
00459,31.4179,0.0917,0.5000
00460,31.4169,0.0941,0.4496
00461,31.4172,0.0926,0.4192
00462,31.4162,0.0948,0.4852
00463,31.4152,0.0926,0.4862
00464,31.4147,0.0894,0.4619
00465,31.4137,0.0907,0.4893
00466,31.4126,0.0900,0.5044
00467,31.4112,0.0884,0.4992
00468,31.4100,0.0881,0.5092
00469,31.4087,0.0885,0.4913
00470,31.4210,0.0878,0.5242
00471,31.4239,0.0873,0.5105
00472,31.4232,0.0869,0.5152
00473,31.4219,0.0862,0.5222
00474,31.4212,0.0861,0.5042
00475,31.4198,0.0862,0.5339
00476,31.4190,0.0860,0.4947
00477,31.4179,0.0863,0.5333
00478,31.4164,0.0856,0.4942
00479,31.4150,0.0861,0.5355
00480,31.4138,0.0896,0.3550
00481,31.4129,0.1059,0.4339
00482,31.4125,0.0934,0.5105
00483,31.4117,0.1064,0.4105
00484,31.4244,0.1018,0.3672
00485,31.4272,0.1136,0.4325
00486,31.4273,0.1073,0.4387
00487,31.4270,0.1064,0.4569
00488,31.4264,0.0943,0.4001
00489,31.4261,0.0970,0.4194
00490,31.4262,0.0978,0.4373
00491,31.4257,0.0960,0.4184
00492,31.4251,0.0938,0.4355
00493,31.4244,0.0933,0.4535
00494,31.4235,0.0936,0.4398
00495,31.4227,0.0928,0.4529
00496,31.4215,0.0919,0.4502
00497,31.4208,0.0912,0.4574
00498,31.4336,0.0911,0.4516
00499,31.4367,0.0909,0.4683
00500,31.4372,0.0905,0.4468
00501,31.4367,0.0903,0.4775
00502,31.4358,0.0895,0.4685
00503,31.4354,0.0893,0.4759
00504,31.4351,0.0895,0.4806
00505,31.4341,0.0909,0.4563
00506,31.4329,0.0904,0.4870
00507,31.4331,0.0880,0.5054
00508,31.4323,0.0893,0.4710
00509,31.4314,0.0887,0.4570
00510,31.4317,0.0886,0.5187
00511,31.4315,0.0882,0.5000
00512,31.4470,0.0867,0.4909
00513,31.4498,0.0867,0.5111
00514,31.4489,0.0862,0.5136
00515,31.4485,0.0869,0.4957
00516,31.4484,0.0868,0.4842
00517,31.4483,0.0865,0.5180
00518,31.4477,0.0860,0.5112
00519,31.4475,0.0852,0.5162
00520,31.4470,0.0855,0.5304
00521,31.4462,0.0853,0.5168
00522,31.4446,0.0847,0.5270
00523,31.4436,0.0847,0.5197
00524,31.4429,0.0845,0.5311
00525,31.4411,0.0845,0.5251
00526,31.4532,0.0902,0.3731
00527,31.4558,0.1093,0.3564
00528,31.4545,0.1061,0.5095
00529,31.4534,0.0969,0.5181
00530,31.4515,0.1123,0.3952
00531,31.4495,0.1113,0.4156
00532,31.4477,0.1251,0.4641
00533,31.4458,0.1159,0.4577
00534,31.4445,0.0990,0.4189
00535,31.4427,0.1046,0.4147
00536,31.4413,0.1043,0.4506
00537,31.4396,0.0971,0.4533
00538,31.4373,0.0970,0.4246
00539,31.4359,0.0982,0.4231
00540,31.4453,0.0982,0.4472
00541,31.4490,0.0975,0.4493
00542,31.4484,0.0968,0.4422
00543,31.4467,0.0965,0.4530
00544,31.4454,0.0961,0.4637
00545,31.4434,0.0953,0.4515
00546,31.4421,0.0943,0.4469
00547,31.4410,0.0940,0.4542
00548,31.4402,0.0935,0.4614
00549,31.4394,0.0931,0.4657
00550,31.4381,0.0927,0.4771
00551,31.4361,0.0925,0.4676
00552,31.4345,0.0925,0.4978
00553,31.4327,0.0926,0.4490
00554,31.4411,0.0938,0.4988
00555,31.4440,0.0926,0.4828
00556,31.4426,0.0914,0.4678
00557,31.4416,0.0919,0.4934
00558,31.4410,0.0911,0.4832
00559,31.4405,0.0915,0.4941
00560,31.4397,0.0909,0.4913
00561,31.4393,0.0910,0.4721
00562,31.4387,0.0909,0.5181
00563,31.4383,0.0929,0.3512
00564,31.4374,0.1033,0.4382
00565,31.4365,0.0929,0.5195
00566,31.4356,0.0989,0.4767
00567,31.4350,0.0913,0.4495
00568,31.4459,0.0941,0.4865
00569,31.4478,0.0910,0.5159
00570,31.4469,0.0967,0.4542
00571,31.4455,0.0934,0.4254
00572,31.4442,0.0955,0.4597
00573,31.4429,0.0934,0.4950
00574,31.4425,0.0939,0.4730
00575,31.4416,0.0915,0.4452
00576,31.4403,0.0922,0.4599
00577,31.4393,0.0917,0.4986
00578,31.4381,0.0909,0.5078
00579,31.4374,0.0904,0.4884
00580,31.4361,0.0899,0.4847
00581,31.4348,0.0899,0.5045
00582,31.4441,0.0891,0.5115
00583,31.4459,0.0890,0.4972
00584,31.4445,0.0885,0.4942
00585,31.4433,0.0883,0.5103
00586,31.4417,0.0879,0.5160
00587,31.4408,0.0876,0.5091
00588,31.4393,0.0874,0.5235
00589,31.4386,0.0871,0.5000
00590,31.4369,0.0873,0.5374
00591,31.4356,0.0878,0.4601
00592,31.4347,0.0903,0.5122
00593,31.4337,0.0863,0.5411
00594,31.4331,0.0896,0.4632
00595,31.4319,0.0903,0.4884
00596,31.4406,0.0877,0.5419
00597,31.4423,0.0891,0.5176
00598,31.4407,0.0861,0.4934
00599,31.4399,0.0872,0.5175
00600,31.4383,0.0859,0.5382
00601,31.4374,0.0869,0.4773
00602,31.4361,0.0880,0.5110
00603,31.4347,0.0858,0.5438
00604,31.4340,0.0869,0.5084
00605,31.4333,0.0851,0.5044
00606,31.4332,0.0857,0.5317
00607,31.4326,0.0846,0.5423
00608,31.4320,0.0851,0.5148
00609,31.4315,0.0847,0.5166
00610,31.4406,0.0846,0.5433
00611,31.4427,0.0850,0.5169
00612,31.4427,0.0842,0.5212
00613,31.4423,0.0840,0.5481
00614,31.4423,0.0842,0.5212
00615,31.4425,0.0836,0.5235
00616,31.4426,0.0834,0.5495
00617,31.4415,0.0838,0.5179
00618,31.4412,0.0835,0.5286
00619,31.4406,0.0828,0.5597
00620,31.4405,0.0840,0.4892
00621,31.4403,0.0856,0.5356
00622,31.4396,0.0824,0.5646
00623,31.4390,0.0869,0.3773
00624,31.4499,0.0989,0.4520
00625,31.4522,0.0885,0.5380
00626,31.4513,0.0968,0.4924
00627,31.4499,0.0859,0.4744
00628,31.4487,0.0901,0.5061
00629,31.4473,0.0855,0.5562
00630,31.4467,0.0948,0.4196
00631,31.4461,0.0926,0.4365
00632,31.4447,0.0944,0.4871
00633,31.4435,0.0873,0.5503
00634,31.4424,0.0936,0.5086
00635,31.4408,0.0854,0.4714
00636,31.4391,0.0884,0.4858
00637,31.4384,0.0886,0.5050
00638,31.4455,0.0862,0.5423
00639,31.4470,0.0866,0.5161
00640,31.4459,0.0842,0.4931
00641,31.4446,0.0853,0.5160
00642,31.4433,0.0848,0.5210
00643,31.4420,0.0843,0.5554
00644,31.4413,0.0839,0.5160
00645,31.4404,0.0837,0.5396
00646,31.4393,0.0836,0.5334
00647,31.4377,0.0830,0.5425
00648,31.4359,0.0828,0.5363
00649,31.4444,0.0824,0.5505
00650,31.4445,0.0822,0.5248
00651,31.4432,0.0824,0.4782
00652,31.4424,0.1198,0.1818
00653,31.4411,0.1935,0.0661
00654,31.4398,0.2133,0.2963
00655,31.4388,0.1311,0.2675
00656,31.4372,0.3320,0.1813
00657,31.4368,0.1800,0.0612
00658,31.4357,0.2588,0.0271
00659,31.4349,0.2422,0.0472
00660,31.4334,0.1809,0.1022
00661,31.4321,0.1341,0.2586
00662,31.4371,0.1482,0.3569
00663,31.4391,0.1352,0.2717
00664,31.4378,0.1201,0.1910
00665,31.4372,0.1214,0.1935
00666,31.4357,0.1228,0.2963
00667,31.4352,0.1187,0.3495
00668,31.4337,0.1214,0.2464
00669,31.4328,0.1162,0.2015
00670,31.4320,0.1175,0.2424
00671,31.4313,0.1155,0.3055
00672,31.4296,0.1148,0.3241
00673,31.4290,0.1148,0.2996
00674,31.4274,0.1137,0.2617
00675,31.4264,0.1135,0.2780
00676,31.4320,0.1124,0.3085
00677,31.4341,0.1116,0.3246
00678,31.4326,0.1114,0.3115
00679,31.4319,0.1108,0.2997
00680,31.4301,0.1107,0.3032
00681,31.4288,0.1105,0.3117
00682,31.4271,0.1101,0.3171
00683,31.4263,0.1097,0.3150
00684,31.4248,0.1095,0.3169
00685,31.4236,0.1093,0.3210
00686,31.4218,0.1092,0.3255
00687,31.4207,0.1090,0.3300
00688,31.4190,0.1087,0.3349
00689,31.4180,0.1083,0.3394
00690,31.4221,0.1080,0.3440
00691,31.4236,0.1077,0.3449
00692,31.4222,0.1076,0.3464
00693,31.4212,0.1073,0.3477
00694,31.4198,0.1070,0.3467
00695,31.4187,0.1068,0.3532
00696,31.4176,0.1065,0.3348
00697,31.4168,0.1064,0.3815
00698,31.4150,0.1073,0.2554
00699,31.4144,0.1115,0.3609
00700,31.4130,0.1056,0.4055
00701,31.4119,0.1104,0.2853
00702,31.4103,0.1095,0.2714
00703,31.4097,0.1109,0.3486
00704,31.4144,0.1057,0.4063
00705,31.4159,0.1104,0.3734
00706,31.4141,0.1057,0.3181
00707,31.4129,0.1069,0.3006
00708,31.4113,0.1079,0.3330
00709,31.4101,0.1059,0.3788
00710,31.4083,0.1056,0.3940
00711,31.4071,0.1065,0.3681
00712,31.4053,0.1048,0.3337
00713,31.4047,0.1055,0.3346
00714,31.4028,0.1054,0.3665
00715,31.4020,0.1042,0.3923
00716,31.4003,0.1048,0.3739
00717,31.3996,0.1038,0.3457
00718,31.4025,0.1042,0.3595
00719,31.4040,0.1036,0.3845
00720,31.4030,0.1034,0.3865
00721,31.4022,0.1031,0.3653
00722,31.4006,0.1029,0.3627
00723,31.3995,0.1029,0.3841
00724,31.3980,0.1025,0.3871
00725,31.3972,0.1024,0.3649
00726,31.3958,0.1022,0.3712
00727,31.3952,0.1019,0.3923
00728,31.3938,0.1018,0.3823
00729,31.3927,0.1015,0.3719
00730,31.3912,0.1014,0.3897
00731,31.3907,0.1011,0.3900
00732,31.3941,0.1009,0.3765
00733,31.3957,0.1008,0.3950
00734,31.3948,0.1005,0.3933
00735,31.3941,0.1003,0.3808
00736,31.3928,0.1002,0.4052
00737,31.3923,0.1001,0.3798
00738,31.3908,0.1000,0.4113
00739,31.3899,0.0998,0.3791
00740,31.3886,0.0997,0.4172
00741,31.3879,0.0996,0.3668
00742,31.3864,0.1002,0.4327
00743,31.3857,0.1003,0.3354
00744,31.3844,0.1018,0.4229
00745,31.3838,0.0998,0.4032
00746,31.3896,0.0994,0.3886
00747,31.3914,0.0998,0.4191
00748,31.3901,0.0985,0.4063
00749,31.3893,0.0992,0.3954
00750,31.3880,0.0983,0.4314
00751,31.3874,0.0994,0.3501
00752,31.3862,0.1008,0.4360
00753,31.3859,0.0988,0.4071
00754,31.3846,0.0977,0.3987
00755,31.3841,0.0979,0.4356
00756,31.3827,0.0983,0.3824
00757,31.3821,0.0983,0.4249
00758,31.3809,0.0976,0.4239
00759,31.3804,0.0971,0.3954
00760,31.3874,0.0976,0.4330
00761,31.3896,0.0972,0.3971
00762,31.3885,0.0972,0.4280
00763,31.3883,0.0966,0.4172
00764,31.3871,0.0965,0.4184
00765,31.3870,0.0963,0.4323
00766,31.3861,0.0964,0.3931
00767,31.3858,0.0968,0.4546
00768,31.3848,0.0986,0.2870
00769,31.3842,0.1063,0.4295
00770,31.3829,0.0967,0.4645
00771,31.3826,0.1057,0.2277
00772,31.3815,0.1154,0.2089
00773,31.3809,0.1169,0.3111
00774,31.3890,0.1056,0.3968
00775,31.3909,0.1073,0.4205
00776,31.3900,0.1086,0.3806
00777,31.3894,0.1036,0.3453
00778,31.3885,0.1040,0.3410
00779,31.3881,0.1038,0.3674
00780,31.3867,0.1028,0.4064
00781,31.3862,0.1029,0.4081
00782,31.3851,0.1014,0.3935
00783,31.3847,0.1011,0.3811
00784,31.3838,0.1014,0.3808
00785,31.3833,0.1005,0.3939
00786,31.3823,0.0994,0.4056
00787,31.3817,0.0997,0.3866
00788,31.3887,0.0996,0.3766
00789,31.3905,0.0989,0.3930
00790,31.3893,0.0981,0.4165
00791,31.3892,0.0985,0.4014
00792,31.3883,0.0979,0.3854
00793,31.3877,0.0979,0.4020
00794,31.3866,0.0976,0.4193
00795,31.3859,0.0978,0.4006
00796,31.3850,0.0972,0.3962
00797,31.3843,0.0970,0.4206
00798,31.3833,0.0970,0.4098
00799,31.3832,0.0966,0.4004
00800,31.3825,0.0965,0.4147
00801,31.3824,0.0963,0.4187
00802,31.3908,0.0962,0.4047
00803,31.3931,0.0961,0.4160
00804,31.3925,0.0958,0.4236
00805,31.3925,0.0957,0.4045
00806,31.3916,0.0957,0.4426
00807,31.3916,0.0960,0.3773
00808,31.3910,0.0969,0.4401
00809,31.3912,0.0954,0.4237
00810,31.3905,0.0948,0.4120
00811,31.3906,0.0950,0.4459
00812,31.3901,0.0951,0.4032
00813,31.3901,0.0951,0.4324
00814,31.3899,0.0943,0.4442
00815,31.3902,0.0945,0.4008
00816,31.3998,0.0950,0.4367
00817,31.4015,0.0939,0.4522
00818,31.4008,0.0943,0.3850
00819,31.4006,0.0959,0.4552
00820,31.4001,0.0941,0.4380
00821,31.3999,0.0933,0.4203
00822,31.3995,0.0936,0.4612
00823,31.3993,0.0938,0.4127
00824,31.3985,0.0940,0.4493
00825,31.3984,0.0929,0.4602
00826,31.3975,0.0931,0.4067
00827,31.3970,0.0941,0.4632
00828,31.3964,0.0930,0.4472
00829,31.3962,0.0924,0.4317
00830,31.4065,0.0926,0.4671
00831,31.4076,0.0928,0.4136
00832,31.4066,0.0935,0.4743
00833,31.4065,0.0930,0.4235
00834,31.4053,0.0929,0.4627
00835,31.4051,0.0919,0.4643
00836,31.4046,0.0919,0.4247
00837,31.4041,0.0926,0.4871
00838,31.4030,0.0939,0.3557
00839,31.4025,0.0988,0.4579
00840,31.4015,0.0924,0.4901
00841,31.4010,0.0990,0.2638
00842,31.3999,0.1111,0.3146
00843,31.3996,0.1052,0.4601
00844,31.4053,0.0961,0.4701
00845,31.4068,0.1074,0.3794
00846,31.4058,0.0988,0.3158
00847,31.4055,0.1041,0.3273
00848,31.4045,0.1033,0.3902
00849,31.4042,0.0971,0.4504
00850,31.4032,0.1034,0.4203
00851,31.4028,0.0973,0.4048
00852,31.4016,0.0989,0.4095
00853,31.4008,0.0986,0.4232
00854,31.3998,0.0980,0.4421
00855,31.3995,0.0971,0.4482
00856,31.3982,0.0960,0.4568
00857,31.3981,0.0953,0.4397
00858,31.4036,0.0948,0.4457
00859,31.4054,0.0939,0.4197
00860,31.4044,0.0940,0.4295
00861,31.4041,0.0938,0.4363
00862,31.4034,0.0936,0.4260
00863,31.4027,0.0932,0.4562
00864,31.4013,0.0926,0.4435
00865,31.4004,0.0923,0.4586
00866,31.3989,0.0921,0.4057
00867,31.3980,0.0938,0.4765
00868,31.3970,0.0924,0.4589
00869,31.3961,0.0911,0.4344
00870,31.3946,0.0918,0.4639
00871,31.3940,0.0907,0.4780
00872,31.3979,0.0911,0.4516
00873,31.3988,0.0905,0.4518
00874,31.3977,0.0905,0.4756
00875,31.3972,0.0903,0.4697
00876,31.3955,0.0898,0.4496
00877,31.3944,0.0899,0.4704
00878,31.3929,0.0893,0.4800
00879,31.3919,0.0893,0.4541
00880,31.3903,0.0893,0.4769
00881,31.3895,0.0887,0.4801
00882,31.3879,0.0884,0.4649
00883,31.3871,0.0884,0.4959
00884,31.3856,0.0887,0.4329
00885,31.3846,0.0905,0.5109
00886,31.3841,0.0945,0.2899
00887,31.3851,0.1117,0.3826
00888,31.3838,0.0973,0.4953
00889,31.3829,0.0966,0.4780
00890,31.3813,0.0936,0.4255
00891,31.3803,0.0925,0.4003
00892,31.3788,0.0940,0.4208
00893,31.3780,0.0927,0.4555
00894,31.3766,0.0922,0.4675
00895,31.3756,0.0905,0.4609
00896,31.3741,0.0902,0.4752
00897,31.3731,0.0904,0.4650
00898,31.3716,0.0905,0.4943
00899,31.3707,0.0908,0.4687
00900,31.3694,0.0928,0.4826
00901,31.3702,0.0888,0.5013
00902,31.3687,0.0906,0.4013
00903,31.3676,0.0949,0.5039
00904,31.3660,0.0903,0.4626
00905,31.3650,0.0965,0.4441
00906,31.3635,0.0951,0.4825
00907,31.3625,0.0976,0.4003
00908,31.3613,0.0988,0.4371
00909,31.3603,0.0949,0.4882
00910,31.3588,0.0950,0.4493
00911,31.3578,0.0931,0.4383
00912,31.3563,0.0922,0.4681
00913,31.3555,0.0934,0.4800
00914,31.3543,0.0893,0.4808
00915,31.3548,0.0930,0.4462
00916,31.3534,0.0902,0.4797
00917,31.3526,0.0905,0.5015
00918,31.3512,0.0905,0.4461
00919,31.3502,0.0896,0.4517
00920,31.3487,0.0895,0.5063
00921,31.3479,0.0889,0.4879
00922,31.3466,0.0886,0.4782
00923,31.3456,0.0878,0.4847
00924,31.3443,0.0883,0.4559
00925,31.3433,0.0884,0.5220
00926,31.3419,0.0892,0.4379
00927,31.3410,0.0893,0.4867
00928,31.3408,0.0877,0.5111
00929,31.3413,0.0876,0.4793
00930,31.3398,0.0880,0.4849
00931,31.3389,0.0870,0.5137
00932,31.3374,0.0884,0.4640
00933,31.3363,0.0878,0.4860
00934,31.3351,0.0869,0.5290
00935,31.3343,0.0880,0.4770
00936,31.3330,0.0866,0.4961
00937,31.3320,0.0861,0.5253
00938,31.3307,0.0858,0.5126
00939,31.3297,0.0850,0.5014
00940,31.3283,0.0850,0.5117
00941,31.3275,0.0847,0.5290
00942,31.3267,0.0845,0.5098
00943,31.3271,0.0844,0.5183
00944,31.3257,0.0840,0.5340
00945,31.3247,0.0835,0.5139
00946,31.3233,0.0837,0.5317
00947,31.3223,0.0840,0.5196
00948,31.3211,0.0835,0.5154
00949,31.3203,0.0839,0.5562
00950,31.3189,0.0853,0.4507
00951,31.3181,0.0949,0.5367
00952,31.3166,0.0829,0.4991
00953,31.3158,0.0999,0.3728
00954,31.3145,0.1759,0.0249
00955,31.3137,0.2352,0.0610
00956,31.3125,0.1935,0.1338
00957,31.3130,0.1605,0.0309
00958,31.3116,0.1322,0.0100
00959,31.3109,0.1503,0.0051
00960,31.3095,0.1462,0.0030
00961,31.3088,0.1343,0.0020
00962,31.3076,0.1344,0.0016
00963,31.3068,0.1307,0.0011
00964,31.3053,0.1288,0.0011
00965,31.3046,0.1289,0.0011
00966,31.3033,0.1282,0.0012
00967,31.3026,0.1276,0.0013
00968,31.3012,0.1267,0.0012
00969,31.3005,0.1291,0.0015
00970,31.2993,0.1270,0.0015
00971,31.2995,0.1263,0.0017
00972,31.2983,0.1254,0.0017
00973,31.2977,0.1249,0.0017
00974,31.2965,0.1229,0.0019
00975,31.2958,0.1229,0.0019
00976,31.2946,0.1214,0.0021
00977,31.2938,0.1209,0.0028
00978,31.2925,0.1194,0.0045
00979,31.2916,0.1181,0.0072
00980,31.2907,0.1170,0.0591
00981,31.2898,0.1150,0.1697
00982,31.2886,0.1132,0.1906
00983,31.2880,0.1117,0.3381
00984,31.2886,0.1155,0.1155
00985,31.2895,0.1379,0.1833
00986,31.2883,0.1161,0.3595
00987,31.2875,0.1270,0.2583
00988,31.2862,0.1082,0.1815
00989,31.2853,0.1133,0.1636
00990,31.2842,0.1138,0.2046
00991,31.2835,0.1090,0.2553
00992,31.2824,0.1104,0.2786
00993,31.2820,0.1114,0.2636
00994,31.2808,0.1078,0.2433
00995,31.2799,0.1080,0.2439
00996,31.2789,0.1088,0.2696
00997,31.2785,0.1068,0.3051
00998,31.2790,0.1061,0.3282
00999,31.2800,0.1067,0.3242
